$ANSIBLE_VAULT;1.1;AES256
30653865316663323938386533626531653064323836616139613763386239363237653661396131
3163373365623637303134363738643337616631643730310a636235393362323136623066353130
35386363383864326536396333313030656463313464656533646165613534633037376333333831
3761383865373438300a333234613838613634313936653962333137616166313339663636333232
34326331306433633730373134396166383135333965643733343932393166356431386339633565
33313733383431346132393935313038666638303933633161353137303064363966613361393363
31303334343463643935343563616339613065376639356538306465346261303766636533643530
31663131623032323932326566346464363265326636376334373638386263323338616663376338
30383762653963613138343436303930653037366462663763373738306562366263613630636131
64343266616631363831306138336462343964303836363237313938643964383963336436376563
31613434393361383264343033643031653732376239303032363939346438356338633636373030
34623536393661323663643139373036663534376632626636643161383163383563343939396162
38376436616563613331333065646634343537343236373038313331396431323332376433323238
39343563393461396238376635303734356230646130396262326265636461363862636338363638
33336336383066336632323232626165643062386535636637653235383231323164623038666265
31653962383064393637313337323538646137653637376336376231363961633732313430303537
35323637393130393131653437653832336435393334393938663531313363656664353039653430
38386634373066353862383130616530656163333564373661373639343237616163616339373935
35633166393965633233303065373964616639346331616334356465333336396432663338366361
30646235633063643663346239636263326236373333336437666237646437353762633639613539
65643930373830396138653230616661383935363365343564353861303164396237353439376530
32303064346362383834616234303830643564323134666564346130643039303037653536363733
36336564366561326437393134643438363639353063373661383539333638656233343234333033
31653963373535626633643464393438393636376139643032306366653733346130643732386539
66323563373332333237386139613734333433373862343733373133376463306663353937373663
63663637656434633265323462343062353632636431333766663662356138623663373538643465
61356333323131373330303439366634393036366639633434663332333362633330346431326161
65313766633030373635
