$ANSIBLE_VAULT;1.1;AES256
61656232363032653666653031653033643436373438383566366137663538313133386331653539
3138663161613330386630393265373035373835613064330a343961386230313464643338323437
65366564643139663965353464343835353434663032313339343139353136363166373166633235
6561636338396130640a376437366139373539666138613434383638663533323333386336653834
63643536346566616163666332376639333939653166376666393532333238353730666133653138
36363330376135386461646430363232353865646538386266323035333261636337386430386332
65313132356265623434303361613632626138366230643239643732303739393032663633623833
64363034613936653261323166376166366366346538356536343863363762653164356562613663
66383931343534326333386463353635313339616363386639633232363865653036303262303762
36623761386432353137353036373765653061386337663039376261656563643438653831383537
61666365316233353464616538656433303530636266666262353536376430656261383731343939
37653761386230613266336234656362366437656466343132353139366237383766396530626634
30643434633834333262316435393535626436663534623336323835663865663566666437343932
66616131306163653835306263323664373134633365373763653936613533393634616236346263
61623236366133636637336639643362323132626634363130346636633761303635376366636365
66376131626165653465613766636435373839316333393436613533663835376432633531343965
62353638623530333537373037306362373934353262306131656338613839336632383464613961
62373935346265623464313262656162316561303334396630383631666235666339333031366333
35633164623633323765363662666638356533366235316531643037623564393963626263363032
32646634616232356663626463623334666539326465393732376337323565396438663937666330
31376263623365316464303939316533393039346237613731383138383065623065656265343736
39643238333737653830393535356664653633663464636431613839366137353239383964323633
31636161386262376330356530353663323932323836333331336165646630396239646666633231
65643462643830333231373832333564393834373639363261306334663231353363313832326235
62396136313539656562393932303263306330623064663139643463393331633866613262623837
36386130383661376531393361343961383561346661333737393365346433386362326365626635
31656437396161353862323032303635643131653161363464613638383631313031653830383231
61383764666532393932626161613165623361666130346466643835303765366435383538623031
31396138303066626130636337613535373039633631666564336466386133373761343262303261
32363538636630643937303934366464663433383038393331326539623236386434386165363063
61653661353931356338376438353062336261613032396162366465353164366430633532336639
65626539366537323139613566626163343335376335613536343634656634333037313866633435
66633633626261366633623838326265643166303165663961636236343039663065303432663437
39623363363030613465366564633134323764383863323764326339653331323232336637326664
39383563663337343232373539633033313066346265616565653965303563313232613630646462
39376537336637316362653438316662323536663065646337333139663435353163313436646532
31326135336462663935393832353232346637353036343264343466313934646561613531383236
34343561663432623663323534303331633734646163386530646465386239303166666433303736
61626331623731666263366165326466313762613033373062646130303235646439633563633662
36626235306231386237323534313439363866303537653961343165383662356634346238376266
34333961366462616435373161373065323235623761373064336538306165623230666633353830
66316335663064303435376532303665656333323163643031346230306466633963383632643834
32653161333334656132336131643438366632373265393034306131316135666333353430333230
38656563333234636163356162323130363661323965346237643438333835396534636165646661
31656265653430643032333233353139316437343638313265663839393433313831633938306465
37346431393966333863393563303639306537633036386539666631336266336533303835333561
39306333663263353635343639326463613464386337333335396536633166373738623462636165
65316362636265333466353236393736333137623863623463326531623037366361636437366237
64323533363664636537373264653766636634333233353334366366343632393131313835643735
64323835306335336636353739323063303937306133616362353061353139323238366333306231
64633331343432313938623966383531393862363336383763653664653735393536666165643439
64666361616130663131366639636166393034386539643237366263636330326132333938316463
64643931363765323431636563336135346531636239333466366661653632353362656164376538
30613461316636376236626166356231346266326461316562313933643534343730383739326664
64616663653737353032303339636634656230616337623863383532663962346434303934363838
30633737623632336630323230626165373066653333363031353861333131646232396139356465
37643762646562386265633665326137393033646665333130323263623566356165643061313764
39303933643636643834623338616464333839383439316638613564393332313833353064313563
61383637343731323333383939643763373066616336343165383432303038373333366430383234
37323438363336623062616434656466376234313064366464363833336430363964613265636433
62623162376232326337396338663531396633343737623962303638613662393464313864353438
31326464616635623861353562623334323236636466373331346131623764366463343634363038
38663462356335636331626466333831333938366535346662663238356633396265393531613736
33333237363934363539663438326538336637633838613435666233316234383138356163313734
36326662333336626635343062376536303738313733346139393833323938323861653035396362
34643332643331396266363065643739643037613939306664626464333435326431343033306531
30376336663735653530313532343735353230623065343135643937633237626565653534646439
33363661333663376330613035376535346439633633373638656633373534623234333263313233
35333062643538666366646366333334313764666533373162396235646465343139326365346266
39653830363939376265313734393562326435393164313437663837633966393832363662633161
65396236356562373662393063626332306537653534656662373737613433636339363665323661
66313233306332353830373337306637613961373361336665663061343764353561383739353361
39633635383165626665663562616561616466383733636138333162336438323937346632636430
37386461366332616232393763313838393735336635653738393334346638353462666431373030
65373731353731303066373966306333303432626534386539626438303432376334336536646336
33363530653963623061363637616562626363373739616335623330343565356333643531313035
35366234353635313462633061383832383833303039356536363863356261363161633837666662
66343366663266363934613864643536326465623261306336393635343536343764653963663933
64663630663237633434396436646533643961633761393435333964373165346365353363363438
31636536323731303461323062633538333435343436303461303830313764643930656530666261
36363665656565356462326638313666633334396536343231343234323032616238373138343666
63383634333262323233623936323435383766653066323530393031626239636637343231616532
64646433616161623936636532633832366363653866316531636464333963353630613637363030
30653134366335623864316239653363343639653766653337386464373865306439383332313330
31343030333165366166653838616630383038353533666333666363646131343065353266353930
36376633343865663733353861393733393033366237663636376130323566366261383830613866
65333137313864623665323533666131643065653764386238383735326263386563613939623337
39626139643231303437646338303330383263643363353861336665653338393636643537626661
34643537643963313239616331313461626437623034646437346435343930616634346235653534
64636136623034333862656237636164363265613665346533346138613737626565623136613930
35373464333330343430616435316536366631656630353130373131313130393765333862353931
34373734636363393162643466306466333439306437643364366662333839646533373731353930
39323665323032396232313661356661656161623533336666353365383131393066616262343432
30663339396461316536343061303337633231353736316636376263646561383535373165643061
37643865383435373334613032353161326361356261386131373833383363326631643132326634
65343235616638306263376364353662616266303536653063653939653262333861386664326431
38653132623731396663313530366162376339383338303238323739643765306532626432373434
35613062333733616638643664663865306366666630383062373634316166346465303031396432
62633732363263633365623364376531663339313063633730626637343434636534656632666538
33653535363433353439336332653832306565623433303563323861626431636565636262366138
33346534323563373132656138366237643338373036633830396664323934626264656365623530
39313835393065633563303330313730303931666133663734326163313261666538643739666435
62353935623335626533626333306432343932326539623966626135303666396630643738333931
62346161306430656262636238343935376233643766346561646662323530313164323936323763
65633364313136353430616235346433663537343031663564316330373563643662633936333635
66633532623164666466366261383163346331646337313139643164653165353635326132396664
34653364663639333264366365356361336537393237656235383561373964396532393861326463
39633030613665393366656330343666346433313564393632656565366666643539623134616639
30656635356230306232313265323864666536343737363364663430613364616638366439353832
38643866626234393736326364333562613335613764306166626232313231633539396332316332
30393763633434643330353363346565643562373562366237613939353564633134363161323631
62373266393065353161343265373637623465653735313939336639373136356565346666656463
62336134373931363966393665316131666136653834656564316238366237613262636331366163
33306330393966303332383465636338323664353831633234653439313364373839623537626534
63306164396132346131653031303737633633356437383463316630393038396466633031323865
66356631356333346237323131663333393236366131393634616563393332323237303864336438
65313231623265313865663739336635336431343334303063303066653264316436363963633739
33333232623036643665653364363239386262613764656431396562356634316563636461326136
31646137383536643463383264646161363732613939623231366361636536323930323965306361
61306466643664313530343837306336306334666231623164616136336235346634376664356338
38383131343062303031653863346333383133363332666433396163396237636164353838333231
33316531663532346338393562623162343464316662653061636664366135366531623039633265
32626238333961396231616532333038656638373862323030666237343765376636623738636165
37313862393330343632386230393664356436636364663363383163663335366134366566336561
63386137376439616232623966343535333065313565376635396433623566353932303462663166
38366135616361333430656562346537313333353833326630666130383239356239666565383264
38383737306431613131356264646237333361313732623130653837353037383763373438363037
39316237323663346139336662383939326161383930323330636630663938383161303766353031
39346539656131666639623735636635323834373335356463323939636232333664613062373239
38636332383664323334356463366532303665373839613531343031666161653662633932346563
34393239343534653065396134353233653439396630363366363031666430313134303635303762
64616436306330326265626461363839386637326466373764623662666633646564303930306163
38383130623263353638653535663962623131636161623864326434333636346633356134326363
39333266353862363437363766653832616530323539303165336536343839666665313832643564
66653538643766633238373263353561303761366238313163326236666630623864393461653034
33336337373934313932633333333631393233353434623632373930326532313239653465383431
37643336626166386165656137343461623432636436363437323635323036663166633735363662
32656331643665366562336133333165343434653162633561346361626163303230323664653736
30313763623931366330306636653063386365373731393931393438333239336438393962386330
61303165353061373934363630323466633937336631373062636435366161356334643663663430
31353731656433363532616339366132346630343966666637636264393566383132613138636531
38373537396331333231306562623136643461666234373566343937356363353939633630626264
63646662363166633934336533326366393735613532636537656331313134633430326163646337
32653661343634326530356538363665646238363935366664303835356130316134623963363032
61353233353731616565373835663234306162376239313538326535356339396638336530386332
64386337323062366165383966323634303731313765333236396134393036303235623634326538
35326664613630646233616363656337393763313263623163353562633937333262616334333266
62656530626332373336353462383934373439643562653035343262383235383563393261353266
33353965626263326164393461393362376263363837336432303236336133336438333238376266
31303862396331316231373437663838626636363633316530336630366438663435616461643962
64353637336338303565636633343431333566653337643333303364373963383364333333626664
61353161626439663935313331326137616237636337666234373730303636666232326336643234
34323139623863346563343438613437646438336137613234353661363931346235383733373231
63663534623237353064643563656139643331366161396563353130663966343832353230613166
34363835323063343832653231646535336536393262346131303063636261303262346430653038
35343638303339653832363233386231346435393430393936623865643030623334376363613438
32356433393434663931383130303338663866623038613665323737353631383238666330306130
39343366613435626638356331616266363931333133643063373735363461336234626333626465
61623237383538623233303937303261623433323463373232646137306130383337643137653231
39653165313132613765623334626535353563616365663536613437653833386564323764666662
38363238383136353164393136333837346134343235633366313361643164653532336430323664
30386262643962386130653331653363333161393363626436356137623231316332633563633133
63313036396337303361396438613336623336326331396333656336333835626230646439336138
38653662343837383839616430646538346666353661326563346334653663663761353632613932
33373464383031396430633638633633633237363632343761656235363733326162303731633431
34356136383063636661666438306539623835616561633837326633343364393730653830623435
33623139336265383839633936653861306666336566396636353162373031633436346633353261
36656630326633336230646535653764663961623939366339393433323635313335376332363731
30353032343539353465356463633837613737386433303936366130306537316365366630323463
64313134306264653739623133376663303466636337376637613864306630323763363461353430
33333438313833653139393738336636383734636331363731333330356530316535383034643138
31666130636634386235363164663865316665626438616233663130353634396531346261313062
39643863393736643165343861643962316334326461313937613533663835653965623435363762
64393635363939653136656164633232303066613034393061653563353265646463663536663031
30363363303534616333326139356239633661396631626435366565316462346134613839363064
30343235346438333735643663323463363934313135386238363030313463346261383432383437
30326235323937366361373937623639613531623232366266616563336636616433373235313836
36613137313931633334643739643939383237353531356137636437383864373665356639643038
33633762376163396262326466356562313031626264386663336138396563373535366531346365
36623861646165643234323832386664306562393766633234303534663333306566356261653131
39353332343865613563666664616364396635303430333034373135303739333861666338323562
6365626466636464323930393338656335343035396530346461
